[source_coordinates]
latitude = 53.3391919
longitude = -6.2578313